4
768

17
triangle
-10 0 1
0 15 1
0 15 100
1.0 1.0 1.0
0.4 0.2 0.1 0.3
5

triangle
10 0 1
0 15 1
0 15 100
1.0 1.0 1.0
0.4 0.2 0.1 0.3
5

triangle
-20 0 1
0 30 1
0 30 90
0.95 0.95 0.95
0.4 0.2 0.1 0.3
5

triangle
20 0 1
0 30 1
0 30 90
0.95 0.95 0.95
0.4 0.2 0.1 0.3
5

triangle
-30 0 1
0 45 1
0 45 80
0.90 0.90 0.90
0.4 0.2 0.1 0.3
5

triangle
30 0 1
0 45 1
0 45 80
0.90 0.90 0.90
0.4 0.2 0.1 0.3
5

triangle
-40 0 1
0 60 1
0 60 70
0.85 0.85 0.85
0.4 0.2 0.1 0.3
5

triangle
40 0 1
0 60 1
0 60 70
0.85 0.85 0.85
0.4 0.2 0.1 0.3
5

triangle
-50 0 1
0 75 1
0 75 60
0.80 0.80 0.80
0.4 0.2 0.1 0.3
5

triangle
50 0 1
0 75 1
0 75 60
0.80 0.80 0.80
0.4 0.2 0.1 0.3
5

triangle
-60 0 1
0 90 1
0 90 50
0.75 0.75 0.75
0.4 0.2 0.1 0.3
5

triangle
60 0 1
0 90 1
0 90 50
0.75 0.75 0.75
0.4 0.2 0.1 0.3
5

triangle
-70 0 1
0 105 1
0 105 40
0.70 0.70 0.70
0.4 0.2 0.1 0.3
5

triangle
70 0 1
0 105 1
0 105 40
0.70 0.70 0.70
0.4 0.2 0.1 0.3
5

triangle
20 -20 60
60 -20 60
20 -20 80
0.05 0.47 0.05
0.4 0.2 0.1 0.3
5

triangle
60 -20 80
20 -20 80
60 -20 60
0.05 0.47 0.05
0.4 0.2 0.1 0.3
5

sphere 
39.0 -20.0 70.0 
7.0 
1.0 0.10 0.10
0.4 0.2 0.2 0.2
10

2
0.0 -50.0 120.0
1.0 1.0 1.0
0.0 50.0 120.0
1.0 1.0 1.0